276
265
562
90
124
237
1582
1352
1553
677
564
1679
470
1034
981
446
1387
1813
575
2036
705
1906
943
757
339
101
1417
921
313
831
1742
85
99
1139
341
1105
954
1953
1601
2117
1775
1409
652
731
1819
1223
1740
1558
112
1774
1580
533
649
853
83
658
914
424
64
636
1861
1919
1977
1476
582
1610
794
1255
1293
912
93
1341
2124
1841
958
1097
1622
1301
1916
411
591
572
819
667
60
1005
2026
1688
1030
72
909
1268
1556
138
1697
1715
829
713
910
391
1118
565
1416
904
145
621
1736
1484
1638
707
1780
1185
1247
1882
245
405
215
666
1594
1933
2074
1648
600
2101
555
173
251
657
1890
433
1909
1270
584
588
505
1236
1335
290
935
806
1542
2038
1149
1649
985
2059
1010
1446
1748
751
1915
253
1495
132
466
213
1465
1769
1646
1058
754
503
444
877
867
1190
1286
571
2071
1811
1712
1872
1440
100
1960
698
1330
1952
727
1571
834
273
239
128
1253
82
345
495
802
1567
627
573
52
1457
1433
190
1072
1996
566
156
836
744
230
259
599
1794
1507
694
1497
965
2013
1379
24
1666
1754
2070
58
2080
1071
1444
95
45
1369
1798
1133
1184
374
42
888
485
1704
974
136
1725
1022
86
332
1871
1018
1212
1078
1803
1598
1256
175
847
832
1048
1809
35
865
699
1738
956
463
1307
1150
1226
576
244
1910
2007
1158
1777
1613
250
670
1046
1454
222
711
2000
2105
1515
1886
1877
1782
2109
163
2055
2029
1264
1344
469
521
857
386
1746
2024
2120
665
1310
240
1732
1707
1477
150
803
1007
1657
1188
962
224
1771
305
959
1098
908
355
1317
1445
1874
1418
1343
249
550
1676
1284
1661
1432
842
1372
1163
1183
816
1994
294
356
1142
490
890
1858
483
414
432
541
1709
376
1750
333
298
1280
1359
838
942
1562
1982
1949
1019
1574
901
204
489
546
1122
155
427
1013
884
579
18
983
1887
799
1800
1370
344
747
12
637
682
1474
851
266
1587
379
1384
380
1499
383
149
436
2082
337
1563
208
1918
1137
225
540
1739
1608
229
875
1453
246
781
441
560
1473
733
1820
1619
459
663
491
1102
833
1528
2079
919
1917
314
922
96
456
1942
1696
71
1415
226
1300
905
189
526
198
1399
1831
874
1331
1927
1448
876
1797
1043
394
185
1373
445
162
1778
451
430
1764
1441
1113
121
593
720
281
478
1892
979
1846
350
1281
721
1788
898
1147
585
318
1391
1050
373
32
160
551
429
135
450
2096
1866
1090
949
247
1173
1756
686
604
581
978
602
1170
1161
1269
1021
664
158
2092
338
218
1360
1483
1645
453
1533
1751
1390
164
234
1929
492
378
848
824
23
860
286
455
523
2058
11
528
1888
423
1153
617
206
1506
559
793
933
761
1618
1593
1816
1844
1948
840
622
530
1316
788
1249
1855
68
1640
1596
580
1573
408
2044
166
723
1364
1035
1218
1306
1486
1056
1557
915
766
2047
684
1995
646
605
94
809
1054
33
1652
1928
980
1314
553
2084
1692
1790
291
769
268
735
1630
945
1408
2005
15
896
154
437
5
261
641
1926
116
1328
814
1404
1230
510
1936
357
1066
274
952
2035
790
7
1643
1232
22
113
1620
1983
2091
1107
1900
159
928
1785
1985
556
647
457
1119
438
929
1242
1011
260
986
416
309
1845
1168
1478
1880
1939
1724
1938
315
937
232
1126
595
1743
1040
1500
755
862
659
91
822
2028
497
1273
1717
821
20
1394
1934
402
710
841
2068
2004
125
1524
506
1970
2110
97
509
1197
1991
1342
147
1530
2089
700
1510
407
219
1204
323
110
1346
382
524
1275
1481
180
1944
1221
300
328
2085
88
1219
1228
625
1075
924
1376
746
529
777
1216
856
511
557
197
296
1340
1883
1302
238
1258
946
520
370
293
653
2076
997
792
1863
2033
176
1101
1821
1607
783
2107
1134
1493
2020
496
410
536
1626
845
1808
1981
349
1434
750
1214
1430
1668
2100
280
387
252
1014
1914
92
1534
1959
1633
645
1026
1776
1145
157
1049
209
2041
701
786
1702
775
1480
1362
1084
1396
1835
1998
1781
324
330
2072
966
98
384
1193
2053
1405
689
696
1525
606
1978
2018
1947
1412
1761
1468
973
1905
499
1913
1897
1992
635
1733
1766
616
1308
1879
687
1513
1899
1647
518
1763
654
127
1076
1089
1588
1319
297
2022
202
1659
462
1753
655
1862
1004
1067
1498
1532
1064
1141
1169
1112
1069
554
1208
768
227
749
1016
2061
1802
758
501
726
1968
417
1051
310
889
544
104
1512
1930
854
570
1332
435
1428
1099
2108
1036
1140
1038
131
2043
835
542
944
1033
1898
1329
1859
1631
1538
1338
2015
1455
1825
776
1950
1869
1722
220
926
1891
118
690
27
2
1494
1664
1354
897
1006
957
1604
1660
413
561
1505
2088
1427
1466
448
1259
1818
1591
543
17
2014
1276
1420
1632
737
361
611
2114
1572
1106
1467
675
539
1609
1422
1907
991
1217
1708
295
1092
1829
738
1527
2009
932
1701
1229
277
1868
1074
791
1544
1504
1203
1267
882
1154
1621
752
205
2032
1003
1729
1179
798
1727
354
358
254
574
837
1651
257
1721
1737
900
2113
813
182
642
1288
1347
763
923
44
1522
3
1856
1760
363
311
650
1961
2062
2065
1642
1768
449
1278
203
1795
1211
443
1057
2106
1233
214
2052
1924
1442
117
886
1299
531
1240
74
1132
1459
16
1380
1551
1028
618
2097
170
548
1694
404
2048
940
1187
2034
1261
26
515
1326
1375
472
1290
1523
772
1989
1920
1908
1210
409
1041
1517
1545
130
1002
1136
319
1487
53
1511
1492
538
1873
49
1575
1834
630
640
722
1617
1812
1411
172
1238
1224
532
651
1519
1031
54
1568
871
512
795
422
883
1792
336
1971
184
714
2046
129
1589
471
1690
284
892
109
1277
610
671
1263
1784
51
473
385
1745
1783
1385
377
676
859
439
1109
13
1639
1867
881
1537
1689
960
778
1192
702
632
70
849
179
187
1767
77
346
1413
913
1469
216
712
1079
1309
2093
2081
648
481
183
271
1772
504
1252
1962
425
1509
1397
1943
1088
619
1987
474
2086
624
191
479
706
1374
62
1923
1623
998
852
73
1222
1561
1824
508
1061
420
1576
1765
1485
1174
643
1999
399
1291
782
2094
691
460
1637
850
248
590
1667
465
1172
107
2010
66
419
1285
1864
393
999
1548
1969
950
519
1546
1235
146
1186
488
1437
759
1606
1755
2066
167
1336
988
1077
188
1945
811
498
1876
152
992
1560
369
1438
306
30
1175
1052
1381
480
255
1508
1850
1822
1055
1536
2090
563
235
594
1423
1686
1581
718
312
1663
9
1849
14
37
873
1287
467
1426
633
1085
79
1734
1325
1653
1424
948
938
1815
1973
398
728
80
279
1024
174
1194
1353
1570
89
1972
326
1674
895
211
1164
1951
1875
1826
1489
2112
4
1838
1644
975
1965
583
1401
1491
678
941
2019
907
1881
392
1550
779
1940
1082
1681
412
1148
878
151
1209
320
805
1612
1502
681
1636
1246
21
1091
1726
1160
1116
708
1597
278
487
1227
1851
893
390
1297
1552
1200
2083
797
1635
59
1757
1080
1251
1458
1592
1902
597
1254
1847
1731
461
514
609
426
1311
638
989
342
1244
879
264
1029
1083
730
930
233
1904
0
1901
359
1752
307
475
2123
2003
1345
917
114
688
558
2049
144
613
1393
2002
243
977
810
401
352
1198
1449
343
742
221
709
818
1383
1027
934
1857
1313
493
1039
1837
43
1986
452
716
868
1520
1719
1274
397
756
1770
371
38
193
199
1718
2023
1294
770
282
1687
1578
321
1155
743
2064
789
2050
800
63
864
1234
826
741
1123
25
2111
1975
2121
1628
1503
902
1547
142
148
1425
516
153
990
288
846
1121
1779
1156
1178
1700
1658
1171
263
732
1191
1439
31
517
1068
1271
103
916
1922
955
1283
1135
388
1678
844
971
1207
1853
1514
2057
1912
545
267
1614
178
1611
626
41
1979
753
1351
1358
46
500
269
2103
1063
762
1762
628
78
1460
302
1555
1237
1292
1650
1672
1852
869
1165
6
1025
796
1447
1220
1470
19
2025
1213
639
1665
2027
1529
1791
196
911
1565
1012
785
1860
212
283
963
1060
1189
760
347
931
660
1357
1001
552
592
1114
1350
440
133
1115
1703
1627
1957
1323
1801
507
1810
1327
364
476
1799
961
1241
123
381
29
2012
1377
1111
1828
1167
1334
1398
171
903
1997
477
431
1348
1564
327
50
482
139
34
1884
1624
1540
569
522
106
2016
207
784
494
765
578
322
615
1539
1144
1127
668
603
36
1956
1839
262
1042
1675
1634
2045
656
1677
1584
1723
1324
1182
894
927
1023
715
2078
217
1684
740
1840
141
1654
1321
1151
858
1629
1431
1096
1472
724
362
105
115
458
1698
81
976
1830
773
2037
2119
1464
1695
418
1894
608
2077
395
953
1435
872
1615
1450
360
734
1579
629
1176
2069
996
1823
28
906
787
1395
1670
601
1389
228
1320
299
1931
2122
1569
1339
365
1976
2104
967
1966
1312
1
2118
939
1094
695
1759
1452
1322
567
815
1993
57
434
1566
2008
334
830
454
1535
1110
739
1303
1706
863
612
1974
1870
725
1095
308
1490
1827
210
1378
1120
1356
843
1062
1543
1108
1526
2075
2087
195
1518
1988
1239
1521
1403
122
1202
340
1138
55
1436
1683
1366
2099
69
1842
39
1410
1669
84
1682
964
1590
568
673
1586
1407
316
1406
1599
1196
65
1368
1836
1349
855
1295
143
774
780
1941
502
717
1361
317
1741
683
1451
1371
1337
1889
1117
2017
1980
1804
256
1758
287
10
925
272
764
1773
1100
1963
1367
1954
827
168
289
812
1911
2021
947
1735
817
1583
61
704
1747
1516
669
1205
870
547
1805
1195
2067
87
577
1260
1304
1893
1250
331
1104
1152
1414
1363
484
1400
1392
1059
987
982
2115
1496
1225
292
1032
56
887
880
672
1143
120
993
1315
1265
745
1262
351
662
2040
1711
1131
1896
804
994
1691
1215
1854
1967
1421
1365
1932
1162
2095
825
236
1479
1625
692
1298
2031
1009
1017
1289
1257
1166
111
703
1903
1673
1744
75
535
661
586
1065
537
2011
76
1685
258
1248
1125
1964
1549
2030
693
1402
2056
366
1020
2006
1531
1662
1730
587
47
1177
1045
1086
1832
1728
549
1656
1501
2098
415
1206
353
1817
1705
165
1463
1680
1984
1130
169
335
1129
644
102
329
1456
1716
920
1044
885
1482
161
200
861
242
1180
767
685
1157
1796
951
614
2001
372
839
1124
1958
1806
1935
936
194
534
400
285
447
1671
486
442
1419
301
995
607
1699
771
348
527
1895
807
1093
970
1245
866
1305
680
181
108
719
1595
389
1333
634
1833
421
368
1070
984
177
525
1955
2054
729
968
1318
1461
2042
1749
1865
1355
40
1814
828
1081
1201
1577
1793
1641
1616
620
8
275
367
48
1655
1159
598
2073
631
186
1128
134
1475
464
1053
126
1602
1693
748
1925
201
969
119
1787
1600
1714
2039
403
1015
270
596
1937
1789
406
808
736
140
1921
1266
674
2116
820
1559
1181
1087
1231
241
468
223
1990
1878
2060
1807
1243
1462
1279
1585
2051
1000
1429
1710
1037
325
972
1603
1471
891
396
1848
1541
679
304
1885
1282
1786
1443
513
1146
2063
428
1073
697
231
1296
137
1720
1199
1272
1382
303
1713
375
1488
192
589
1103
1008
1843
801
1388
2102
1047
1386
823
899
1946
67
623
1605
918
1554
